NaN
NaN
NaN
34.031
34.031
34.032
34.032
34.032
34.032
34.032
34.032
34.032
34.032
34.032
34.033
34.033
34.033
34.033
34.033
34.034
34.034
34.034
34.034
34.034
34.034
34.035
34.035
34.035
34.035
34.035
34.035
34.035
34.036
34.036
34.036
34.036
34.036
34.036
34.036
34.036
34.036
34.036
34.036
34.037
34.037
34.037
34.037
34.038
34.038
34.039
34.039
34.04
34.04
34.042
34.044
34.049
34.055
34.061
34.062
34.059
34.056
34.058
34.063
34.064
34.067
34.072
34.072
34.07
34.07
34.071
34.074
34.079
34.088
34.092
34.089
34.089
34.094
34.098
34.103
34.106
34.106
34.103
34.103
34.102
34.1
34.1
34.099
34.099
34.099
34.101
34.102
34.104
34.105
34.105
34.106
34.107
34.109
34.113
34.116
34.117
34.117
34.115
34.113
34.111
34.111
34.112
34.114
34.116
34.119
34.12
34.12
34.119
34.117
34.116
34.116
34.117
34.118
34.121
34.129
34.135
34.137
34.141
34.143
34.144
34.146
34.148
34.148
34.148
34.148
34.148
34.147
34.146
34.146
34.145
34.144
34.147
34.155
34.161
34.163
34.162
34.165
34.171
34.174
34.176
34.179
34.182
34.185
34.187
34.188
34.187
34.187
34.189
34.192
34.195
34.196
34.198
34.201
34.208
34.217
34.222
34.222
34.221
34.221
34.221
34.221
34.229
34.236
34.235
34.23
34.23
34.233
34.238
34.242
34.244
34.245
34.243
34.241
34.242
34.245
34.248
34.248
34.246
34.245
34.244
34.243
34.242
34.242
34.238
34.233
34.233
34.239
34.245
34.25
34.253
34.257
34.261
34.265
34.269
34.272
34.274
34.278
34.283
34.288
34.291
34.292
34.295
34.299
34.305
34.308
34.304
34.3
34.303
34.308
34.315
34.324
34.333
34.337
34.34
34.343
34.346
34.348
34.349
34.351
34.351
34.352
34.355
34.359
34.361
34.361
34.361
34.361
34.361
34.36
34.36
34.36
34.36
34.36
34.36
34.364
34.371
34.38
34.389
34.397
34.404
34.411
34.42
34.426
34.43
34.431
34.433
34.433
34.435
34.438
34.441
34.442
34.443
34.444
34.446
34.449
34.452
34.454
34.456
34.46
34.463
34.467
34.471
34.474
34.477
34.478
34.478
34.48
34.483
34.485
34.487
34.488
34.489
34.491
34.492
34.493
34.495
34.498
34.499
34.501
34.502
34.503
34.503
34.503
34.504
34.505
34.506
34.508
34.51
34.512
34.513
34.514
34.516
34.517
34.519
34.522
34.526
34.529
34.531
34.532
34.535
34.538
34.539
34.543
34.547
34.548
34.549
34.55
34.55
34.55
34.552
34.555
34.557
34.557
34.558
34.559
34.56
34.562
34.565
34.567
34.569
34.57
34.572
34.574
34.577
34.579
34.581
34.583
34.586
34.588
34.588
34.589
34.59
34.593
34.596
34.598
34.599
34.6
34.601
34.601
34.601
34.602
34.602
34.602
34.602
34.602
34.603
34.604
34.604
34.604
34.604
34.604
34.605
NaN
NaN
NaN
NaN
NaN
NaN
NaN
NaN
NaN
NaN
NaN
NaN
NaN
NaN
NaN
NaN
NaN
NaN
NaN
NaN
NaN
NaN
NaN
NaN
NaN
NaN
NaN
NaN
NaN
NaN
NaN
NaN
NaN
NaN
NaN 
