NaN
NaN
NaN
-1.2997
-1.3004
-1.3005
-1.2987
-1.2975
-1.2976
-1.2971
-1.2967
-1.2974
-1.2983
-1.2984
-1.2977
-1.2965
-1.2956
-1.2952
-1.2945
-1.2933
-1.2929
-1.293
-1.293
-1.2932
-1.2935
-1.2938
-1.2949
-1.2959
-1.2962
-1.2962
-1.2964
-1.2964
-1.2966
-1.297
-1.2974
-1.2976
-1.2977
-1.298
-1.2986
-1.2989
-1.2988
-1.2989
-1.2996
-1.3004
-1.3009
-1.3013
-1.3018
-1.3026
-1.3033
-1.304
-1.3046
-1.3052
-1.3058
-1.3061
-1.3054
-1.3029
-1.2997
-1.2981
-1.3018
-1.3172
-1.3491
-1.3873
-1.4153
-1.4392
-1.4691
-1.4864
-1.4887
-1.4985
-1.5155
-1.5324
-1.5441
-1.5406
-1.5119
-1.4577
-1.4159
-1.4032
-1.3934
-1.3784
-1.3562
-1.3211
-1.2818
-1.2514
-1.2275
-1.2065
-1.1946
-1.1909
-1.1907
-1.194
-1.201
-1.2091
-1.2148
-1.2176
-1.2195
-1.2215
-1.223
-1.2241
-1.2246
-1.2205
-1.2091
-1.1963
-1.1869
-1.1801
-1.1802
-1.1887
-1.1981
-1.2041
-1.2094
-1.2121
-1.2087
-1.2017
-1.1945
-1.1907
-1.1921
-1.1979
-1.206
-1.212
-1.2165
-1.2214
-1.2141
-1.1911
-1.1687
-1.1479
-1.125
-1.1073
-1.0925
-1.0744
-1.0581
-1.0484
-1.0436
-1.0415
-1.0403
-1.0378
-1.0331
-1.0296
-1.0359
-1.0487
-1.0483
-1.0278
-1.0044
-0.99212
-0.98158
-0.95689
-0.92312
-0.89491
-0.87031
-0.84563
-0.82234
-0.79927
-0.78013
-0.76909
-0.76433
-0.75847
-0.74458
-0.72351
-0.70151
-0.68867
-0.68693
-0.68529
-0.66845
-0.63489
-0.60343
-0.58516
-0.5722
-0.5588
-0.54936
-0.53068
-0.48558
-0.44184
-0.43328
-0.44618
-0.45266
-0.44494
-0.42624
-0.40094
-0.37693
-0.3626
-0.36278
-0.37255
-0.37726
-0.37161
-0.36545
-0.37066
-0.38527
-0.39829
-0.40859
-0.41631
-0.41722
-0.42219
-0.44689
-0.48147
-0.50458
-0.50972
-0.50413
-0.49657
-0.48911
-0.47945
-0.46549
-0.44719
-0.42795
-0.41178
-0.39538
-0.37295
-0.34653
-0.32192
-0.30289
-0.2873
-0.26985
-0.24545
-0.21532
-0.20154
-0.21764
-0.23997
-0.2472
-0.2444
-0.23557
-0.2207
-0.20786
-0.20017
-0.19243
-0.18288
-0.17511
-0.16983
-0.16446
-0.16032
-0.15898
-0.15604
-0.14684
-0.13559
-0.12847
-0.12437
-0.12109
-0.11899
-0.11772
-0.11636
-0.11506
-0.11409
-0.1131
-0.11184
-0.10678
-0.09107
-0.063622
-0.030881
0.00014214
0.025242
0.046262
0.06862
0.092718
0.11546
0.13617
0.15465
0.16747
0.17448
0.18139
0.19032
0.19923
0.20678
0.21257
0.21855
0.22877
0.24173
0.25183
0.25965
0.26934
0.28184
0.2965
0.31119
0.32445
0.33778
0.35035
0.35917
0.36607
0.37519
0.38587
0.39488
0.40227
0.41024
0.41883
0.42565
0.43016
0.43506
0.44258
0.45172
0.45946
0.46647
0.47462
0.48098
0.48383
0.48635
0.49036
0.49481
0.49997
0.50731
0.51546
0.52288
0.53006
0.53678
0.54353
0.55111
0.56063
0.57265
0.58518
0.59746
0.60921
0.62005
0.63181
0.61919
0.63651
0.65429
0.67039
0.68251
0.69217
0.69914
0.70279
0.70593
0.71145
0.71891
0.72496
0.72826
0.73103
0.73471
0.74015
0.7487
0.75918
0.76896
0.77641
0.78185
0.78751
0.79459
0.80232
0.80966
0.81884
0.83176
0.84487
0.85439
0.85999
0.86365
0.86847
0.87596
0.88434
0.89227
0.90009
0.90596
0.90922
0.91186
0.91447
0.9165
0.91772
0.91836
0.91918
0.92081
0.92347
0.9267
0.9295
0.9315
0.93333
0.9373
NaN
NaN
NaN
NaN
NaN
NaN
NaN
NaN
NaN
NaN
NaN
NaN
NaN
NaN
NaN
NaN
NaN
NaN
NaN
NaN
NaN
NaN
NaN
NaN
NaN
NaN
NaN
NaN
NaN
NaN
NaN
NaN
NaN
NaN
NaN
